P0 = 0;
m1 = 0;
